416
0.0 2.0 -4.0 
1.4411752223968506 -1.3867279291152954 4.0 
0.39018064737319946 1.9615705013275146 -4.0
1.1429462432861328 -1.6412415504455566 4.0 
0.7653669118881226 1.8477590084075928 -4.0 
0.8007945418357849 -1.8326835632324219 4.0 
1.111140489578247 1.662939190864563 -4.0 
0.42786869406700134 -1.9536962509155273 4.0 
1.4142135381698608 1.4142135381698608 -4.0 
0.03850013017654419 -1.9996293783187866 4.0 
1.662939190864563 1.111140489578247 -4.0 
-0.3523479700088501 -1.96871817111969 4.0 
1.8477590084075928 0.7653669118881226 -4.0 
-0.7296556234359741 -1.8621501922607422 4.0 
1.9615705013275146 0.39018064737319946 -4.0 
-1.078922986984253 -1.6840206384658813 4.0 
2.0 0.0 -4.0 
-1.3867279291152954 -1.4411752223968506 4.0 
1.9615705013275146 -0.39018064737319946 -4.0 
-1.6412415504455566 -1.1429462432861328 4.0 
1.8477590084075928 -0.7653669118881226 -4.0 
-1.8326835632324219 -0.8007945418357849 4.0 
1.662939190864563 -1.111140489578247 -4.0 
-1.9536962509155273 -0.42786866426467896 4.0 
1.4142135381698608 -1.4142135381698608 -4.0 
-1.9996293783187866 -0.038500040769577026 4.0 
1.111140489578247 -1.662939190864563 -4.0 
-1.96871817111969 0.3523479700088501 4.0 
0.7653669118881226 -1.8477590084075928 -4.0 
-1.8621501922607422 0.7296555638313293 4.0 
0.39018064737319946 -1.9615705013275146 -4.0 
-1.6840206384658813 1.078922986984253 4.0 
0.0 -2.0 -4.0 
-1.4411752223968506 1.3867279291152954 4.0 
-0.39018064737319946 -1.9615705013275146 -4.0 
-1.1429462432861328 1.6412415504455566 4.0 
-0.7653669118881226 -1.8477590084075928 -4.0 
-0.8007945418357849 1.8326835632324219 4.0 
-1.111140489578247 -1.662939190864563 -4.0 
-0.42786869406700134 1.9536962509155273 4.0 
-1.4142135381698608 -1.4142135381698608 -4.0 
-0.03850013017654419 1.9996293783187866 4.0 
-1.662939190864563 -1.111140489578247 -4.0 
0.3523479700088501 1.96871817111969 4.0 
-1.8477590084075928 -0.7653669118881226 -4.0 
0.7296555638313293 1.8621501922607422 4.0 
-1.9615705013275146 -0.39018064737319946 -4.0 
1.078922986984253 1.6840206384658813 4.0 
-2.0 0.0 -4.0 
1.3867279291152954 1.4411752223968506 4.0 
-1.9615705013275146 0.39018064737319946 -4.0 
1.6412415504455566 1.1429462432861328 4.0 
-1.8477590084075928 0.7653669118881226 -4.0 
1.8326835632324219 0.8007945418357849 4.0 
-1.662939190864563 1.111140489578247 -4.0 
1.9536962509155273 0.42786872386932373 4.0 
-1.4142135381698608 1.4142135381698608 -4.0 
1.9996293783187866 0.03850021958351135 4.0 
-1.111140489578247 1.662939190864563 -4.0 
1.96871817111969 -0.3523479700088501 4.0 
-0.7653669118881226 1.8477590084075928 -4.0 
1.8621501922607422 -0.7296556234359741 4.0 
-0.39018064737319946 1.9615705013275146 -4.0 
1.6840206384658813 -1.078922986984253 4.0 
0.13060835003852844 1.6930735111236572 -3.2749898433685303 
0.261624276638031 1.385189175605774 -2.5477170944213867 
0.39264023303985596 1.0773048400878906 -1.8204442262649536 
0.5236561298370361 0.7694204449653625 -1.09317147731781 
0.6546720862388611 0.46153607964515686 -0.3658987283706665 
0.785688042640686 0.15365169942378998 0.3613739609718323 
0.9167039394378662 -0.1542326658964157 1.088646650314331 
1.0477198362350464 -0.4621170461177826 1.8159193992614746 
1.1787357330322266 -0.7700014710426331 2.543191909790039 
1.3097516298294067 -1.0778857469558716 3.2704646587371826 
1.0743000507354736 -1.3126943111419678 3.2704646587371826 
1.0058667659759521 -0.9851659536361694 2.543191909790039 
0.9374335408210754 -0.6576375961303711 1.815919280052185 
0.8690003156661987 -0.33010920882225037 1.0886465311050415 
0.800567090511322 -0.0025808215141296387 0.36137378215789795 
0.7321338653564453 0.3249475657939911 -0.36589890718460083 
0.6637006402015686 0.6524759531021118 -1.0931715965270996 
0.5952674150466919 0.9800043106079102 -1.8204443454742432 
0.5268341898918152 1.3075326681137085 -2.5477170944213867 
0.45840099453926086 1.6350610256195068 -3.2749898433685303 
0.7975638508796692 -1.4970570802688599 3.2704646587371826 
0.7943431735038757 -1.1624714136123657 2.543191909790039 
0.7911224961280823 -0.8278856873512268 1.815919280052185 
0.7879018187522888 -0.4932999908924103 1.0886465311050415 
0.7846811413764954 -0.15871427953243256 0.36137378215789795 
0.7814604043960571 0.17587144672870636 -0.36589890718460083 
0.7782397270202637 0.5104571580886841 -1.0931715965270996 
0.7750190496444702 0.8450428247451782 -1.8204443454742432 
0.771798312664032 1.1796284914016724 -2.5477170944213867 
0.7685775756835938 1.5142141580581665 -3.2749898433685303 
0.49017754197120667 -1.623888373374939 3.2704646587371826 
0.5522931814193726 -1.2951033115386963 2.543191909790039 
0.6144087910652161 -0.9663182497024536 1.815919280052185 
0.6765244007110596 -0.6375331878662109 1.0886465311050415 
0.7386400103569031 -0.30874815583229065 0.36137378215789795 
0.8007556200027466 0.020036881789565086 -0.36589890718460083 
0.8628712296485901 0.3488219082355499 -1.0931715965270996 
0.9249868392944336 0.6776069402694702 -1.8204443454742432 
0.9871024489402771 1.006392002105713 -2.5477170944213867 
1.0492180585861206 1.335176944732666 -3.2749898433685303 
0.16395404934883118 -1.6883145570755005 3.2704646587371826 
0.2890188992023468 -1.3779652118682861 2.543191909790039 
0.4140837490558624 -1.0676158666610718 1.815919280052185 
0.5391485691070557 -0.7572665214538574 1.0886465311050415 
0.6642134189605713 -0.4469171464443207 0.36137378215789795 
0.7892782688140869 -0.13656777143478394 -0.36589890718460083 
0.9143431186676025 0.1737816035747528 -1.0931715965270996 
1.0394080877304077 0.48413094878196716 -1.8204443454742432 
1.1644729375839233 0.7944803237915039 -2.5477170944213867 
1.289537787437439 1.1048296689987183 -3.2749898433685303 
-0.16857010126113892 -1.6878598928451538 3.2704646587371826 
0.014637816697359085 -1.4078727960586548 2.543191909790039 
0.19784574210643768 -1.1278856992721558 1.815919280052185 
0.3810536861419678 -0.8478986024856567 1.0886465311050415 
0.5642616152763367 -0.5679114460945129 0.36137378215789795 
0.7474695444107056 -0.28792428970336914 -0.36589890718460083 
0.9306774735450745 -0.007937121205031872 -1.0931715965270996 
1.1138854026794434 0.27205002307891846 -1.8204443454742432 
1.2970932722091675 0.5520371794700623 -2.5477170944213867 
1.4803012609481812 0.832024335861206 -3.2749898433685303 
-0.49461629986763 -1.622541904449463 3.2704646587371826 
-0.26030588150024414 -1.3836767673492432 2.543191909790039 
-0.025995450094342232 -1.1448115110397339 1.815919280052185 
0.20831497013568878 -0.9059462547302246 1.0886465311050415 
0.44262540340423584 -0.6670810580253601 0.36137378215789795 
0.6769358515739441 -0.4282158613204956 -0.36589890718460083 
0.9112462401390076 -0.1893506795167923 -1.0931715965270996 
1.1455566883087158 0.04951448366045952 -1.8204443454742432 
1.3798670768737793 0.2883796691894531 -2.5477170944213867 
1.6141775846481323 0.5272448658943176 -3.2749898433685303 
-0.8016546368598938 -1.4948703050613403 3.2704646587371826 
-0.5252461433410645 -1.3063066005706787 2.543191909790039 
-0.24883759021759033 -1.1177427768707275 1.815919280052185 
0.027570899575948715 -0.9291790127754211 1.0886465311050415 
0.30397942662239075 -0.7406152486801147 0.36137378215789795 
0.5803878903388977 -0.5520514845848083 -0.36589890718460083 
0.856796383857727 -0.36348775029182434 -1.0931715965270996 
1.1332048177719116 -0.17492400109767914 -1.8204443454742432 
1.4096133708953857 0.013639753684401512 -2.5477170944213867 
1.6860219240188599 0.20220349729061127 -3.2749898433685303 
-1.0778857469558716 -1.3097517490386963 3.2704646587371826 
-0.7700014710426331 -1.1787358522415161 2.543191909790039 
-0.46211710572242737 -1.047719955444336 1.815919280052185 
-0.15423272550106049 -0.916703999042511 1.0886465311050415 
0.1536516398191452 -0.785688042640686 0.36137378215789795 
0.4615359902381897 -0.6546720862388611 -0.36589890718460083 
0.769420325756073 -0.5236561298370361 -1.0931715965270996 
1.077304720878601 -0.39264020323753357 -1.8204443454742432 
1.385189175605774 -0.261624276638031 -2.5477170944213867 
1.6930735111236572 -0.13060835003852844 -3.2749898433685303 
-1.3126943111419678 -1.0743000507354736 3.2704646587371826 
-0.9851659536361694 -1.0058667659759521 2.543191909790039 
-0.6576375961303711 -0.9374335408210754 1.815919280052185 
-0.33010920882225037 -0.8690003156661987 1.0886465311050415 
-0.0025808215141296387 -0.800567090511322 0.36137378215789795 
0.3249475657939911 -0.7321338653564453 -0.36589890718460083 
0.6524759531021118 -0.6637006402015686 -1.0931715965270996 
0.9800043106079102 -0.5952674150466919 -1.8204443454742432 
1.3075326681137085 -0.5268341898918152 -2.5477170944213867 
1.6350610256195068 -0.45840099453926086 -3.2749898433685303 
-1.4970570802688599 -0.7975638508796692 3.2704646587371826 
-1.1624714136123657 -0.7943431735038757 2.543191909790039 
-0.8278856873512268 -0.7911224961280823 1.815919280052185 
-0.4932999908924103 -0.7879018187522888 1.0886465311050415 
-0.15871427953243256 -0.7846811413764954 0.36137378215789795 
0.17587144672870636 -0.7814604043960571 -0.36589890718460083 
0.5104571580886841 -0.7782397270202637 -1.0931715965270996 
0.8450428247451782 -0.7750190496444702 -1.8204443454742432 
1.1796284914016724 -0.771798312664032 -2.5477170944213867 
1.5142141580581665 -0.7685775756835938 -3.2749898433685303 
-1.623888373374939 -0.4901775121688843 3.2704646587371826 
-1.2951033115386963 -0.5522931218147278 2.543191909790039 
-0.9663182497024536 -0.6144087314605713 1.815919280052185 
-0.6375331878662109 -0.6765243411064148 1.0886465311050415 
-0.30874815583229065 -0.7386399507522583 0.36137378215789795 
0.020036881789565086 -0.8007555603981018 -0.36589890718460083 
0.3488219082355499 -0.8628711700439453 -1.0931715965270996 
0.6776069402694702 -0.9249868392944336 -1.8204443454742432 
1.006392002105713 -0.9871024489402771 -2.5477170944213867 
1.335176944732666 -1.0492180585861206 -3.2749898433685303 
-1.6883145570755005 -0.1639539748430252 3.2704646587371826 
-1.3779652118682861 -0.289018839597702 2.543191909790039 
-1.0676158666610718 -0.41408368945121765 1.815919280052185 
-0.7572665214538574 -0.5391485095024109 1.0886465311050415 
-0.4469171464443207 -0.6642133593559265 0.36137378215789795 
-0.13656777143478394 -0.7892782092094421 -0.36589890718460083 
0.1737816035747528 -0.9143430590629578 -1.0931715965270996 
0.48413094878196716 -1.0394079685211182 -1.8204443454742432 
0.7944803237915039 -1.1644728183746338 -2.5477170944213867 
1.1048296689987183 -1.2895376682281494 -3.2749898433685303 
-1.6878598928451538 0.16857010126113892 3.2704646587371826 
-1.4078727960586548 -0.014637816697359085 2.543191909790039 
-1.1278856992721558 -0.19784574210643768 1.815919280052185 
-0.8478986024856567 -0.3810536861419678 1.0886465311050415 
-0.5679114460945129 -0.5642616152763367 0.36137378215789795 
-0.28792428970336914 -0.7474695444107056 -0.36589890718460083 
-0.007937121205031872 -0.9306774735450745 -1.0931715965270996 
0.27205002307891846 -1.1138854026794434 -1.8204443454742432 
0.5520371794700623 -1.2970932722091675 -2.5477170944213867 
0.832024335861206 -1.4803012609481812 -3.2749898433685303 
-1.622541904449463 0.49461624026298523 3.2704646587371826 
-1.3836767673492432 0.26030582189559937 2.543191909790039 
-1.1448115110397339 0.025995390489697456 1.815919280052185 
-0.9059462547302246 -0.20831502974033356 1.0886465311050415 
-0.6670810580253601 -0.4426254630088806 0.36137378215789795 
-0.4282158613204956 -0.6769358515739441 -0.36589890718460083 
-0.1893506795167923 -0.9112462401390076 -1.0931715965270996 
0.04951448366045952 -1.1455566883087158 -1.8204443454742432 
0.2883796691894531 -1.3798670768737793 -2.5477170944213867 
0.5272448658943176 -1.6141775846481323 -3.2749898433685303 
-1.4948703050613403 0.8016546368598938 3.2704646587371826 
-1.3063066005706787 0.5252461433410645 2.543191909790039 
-1.1177427768707275 0.24883759021759033 1.815919280052185 
-0.9291790127754211 -0.027570899575948715 1.0886465311050415 
-0.7406152486801147 -0.30397942662239075 0.36137378215789795 
-0.5520514845848083 -0.5803878903388977 -0.36589890718460083 
-0.36348775029182434 -0.856796383857727 -1.0931715965270996 
-0.17492400109767914 -1.1332048177719116 -1.8204443454742432 
0.013639753684401512 -1.4096133708953857 -2.5477170944213867 
0.20220349729061127 -1.6860219240188599 -3.2749898433685303 
-1.3097517490386963 1.0778857469558716 3.2704646587371826 
-1.1787358522415161 0.7700014710426331 2.543191909790039 
-1.047719955444336 0.46211710572242737 1.815919280052185 
-0.916703999042511 0.15423272550106049 1.0886465311050415 
-0.785688042640686 -0.1536516398191452 0.36137378215789795 
-0.6546720862388611 -0.4615359902381897 -0.36589890718460083 
-0.5236561298370361 -0.769420325756073 -1.0931715965270996 
-0.39264020323753357 -1.077304720878601 -1.8204443454742432 
-0.261624276638031 -1.385189175605774 -2.5477170944213867 
-0.13060835003852844 -1.6930735111236572 -3.2749898433685303 
-1.0743000507354736 1.3126943111419678 3.2704646587371826 
-1.0058667659759521 0.9851659536361694 2.543191909790039 
-0.9374335408210754 0.6576375961303711 1.815919280052185 
-0.8690003156661987 0.33010920882225037 1.0886465311050415 
-0.800567090511322 0.0025808215141296387 0.36137378215789795 
-0.7321338653564453 -0.3249475657939911 -0.36589890718460083 
-0.6637006402015686 -0.6524759531021118 -1.0931715965270996 
-0.5952674150466919 -0.9800043106079102 -1.8204443454742432 
-0.5268341898918152 -1.3075326681137085 -2.5477170944213867 
-0.45840099453926086 -1.6350610256195068 -3.2749898433685303 
-0.7975638508796692 1.4970570802688599 3.2704646587371826 
-0.7943431735038757 1.1624714136123657 2.543191909790039 
-0.7911224961280823 0.8278856873512268 1.815919280052185 
-0.7879018187522888 0.4932999908924103 1.0886465311050415 
-0.7846811413764954 0.15871427953243256 0.36137378215789795 
-0.7814604043960571 -0.17587144672870636 -0.36589890718460083 
-0.7782397270202637 -0.5104571580886841 -1.0931715965270996 
-0.7750190496444702 -0.8450428247451782 -1.8204443454742432 
-0.771798312664032 -1.1796284914016724 -2.5477170944213867 
-0.7685775756835938 -1.5142141580581665 -3.2749898433685303 
-0.49017754197120667 1.623888373374939 3.2704646587371826 
-0.5522931814193726 1.2951033115386963 2.543191909790039 
-0.6144087910652161 0.9663182497024536 1.815919280052185 
-0.6765244007110596 0.6375331878662109 1.0886465311050415 
-0.7386400103569031 0.30874815583229065 0.36137378215789795 
-0.8007556200027466 -0.020036881789565086 -0.36589890718460083 
-0.8628712296485901 -0.3488219082355499 -1.0931715965270996 
-0.9249868392944336 -0.6776069402694702 -1.8204443454742432 
-0.9871024489402771 -1.006392002105713 -2.5477170944213867 
-1.0492180585861206 -1.335176944732666 -3.2749898433685303 
-0.16395404934883118 1.6883145570755005 3.2704646587371826 
-0.2890188992023468 1.3779652118682861 2.543191909790039 
-0.4140837490558624 1.0676158666610718 1.815919280052185 
-0.5391485691070557 0.7572665214538574 1.0886465311050415 
-0.6642134189605713 0.4469171464443207 0.36137378215789795 
-0.7892782688140869 0.13656777143478394 -0.36589890718460083 
-0.9143431186676025 -0.1737816035747528 -1.0931715965270996 
-1.0394080877304077 -0.48413094878196716 -1.8204443454742432 
-1.1644729375839233 -0.7944803237915039 -2.5477170944213867 
-1.289537787437439 -1.1048296689987183 -3.2749898433685303 
0.16857010126113892 1.6878598928451538 3.2704646587371826 
-0.014637816697359085 1.4078727960586548 2.543191909790039 
-0.19784574210643768 1.1278856992721558 1.815919280052185 
-0.3810536861419678 0.8478986024856567 1.0886465311050415 
-0.5642616152763367 0.5679114460945129 0.36137378215789795 
-0.7474695444107056 0.28792428970336914 -0.36589890718460083 
-0.9306774735450745 0.007937121205031872 -1.0931715965270996 
-1.1138854026794434 -0.27205002307891846 -1.8204443454742432 
-1.2970932722091675 -0.5520371794700623 -2.5477170944213867 
-1.4803012609481812 -0.832024335861206 -3.2749898433685303 
0.49461624026298523 1.622541904449463 3.2704646587371826 
0.26030582189559937 1.3836767673492432 2.543191909790039 
0.025995390489697456 1.1448115110397339 1.815919280052185 
-0.20831502974033356 0.9059462547302246 1.0886465311050415 
-0.4426254630088806 0.6670810580253601 0.36137378215789795 
-0.6769358515739441 0.4282158613204956 -0.36589890718460083 
-0.9112462401390076 0.1893506795167923 -1.0931715965270996 
-1.1455566883087158 -0.04951448366045952 -1.8204443454742432 
-1.3798670768737793 -0.2883796691894531 -2.5477170944213867 
-1.6141775846481323 -0.5272448658943176 -3.2749898433685303 
0.8016546368598938 1.4948703050613403 3.2704646587371826 
0.5252461433410645 1.3063066005706787 2.543191909790039 
0.24883759021759033 1.1177427768707275 1.815919280052185 
-0.027570899575948715 0.9291790127754211 1.0886465311050415 
-0.30397942662239075 0.7406152486801147 0.36137378215789795 
-0.5803878903388977 0.5520514845848083 -0.36589890718460083 
-0.856796383857727 0.36348775029182434 -1.0931715965270996 
-1.1332048177719116 0.17492400109767914 -1.8204443454742432 
-1.4096133708953857 -0.013639753684401512 -2.5477170944213867 
-1.6860219240188599 -0.20220349729061127 -3.2749898433685303 
1.0778857469558716 1.3097517490386963 3.2704646587371826 
0.7700014710426331 1.1787358522415161 2.543191909790039 
0.46211710572242737 1.047719955444336 1.815919280052185 
0.15423272550106049 0.916703999042511 1.0886465311050415 
-0.1536516398191452 0.785688042640686 0.36137378215789795 
-0.4615359902381897 0.6546720862388611 -0.36589890718460083 
-0.769420325756073 0.5236561298370361 -1.0931715965270996 
-1.077304720878601 0.39264020323753357 -1.8204443454742432 
-1.385189175605774 0.261624276638031 -2.5477170944213867 
-1.6930735111236572 0.13060835003852844 -3.2749898433685303 
1.3126943111419678 1.0743000507354736 3.2704646587371826 
0.9851659536361694 1.0058667659759521 2.543191909790039 
0.6576375961303711 0.9374335408210754 1.815919280052185 
0.33010920882225037 0.8690003156661987 1.0886465311050415 
0.0025808215141296387 0.800567090511322 0.36137378215789795 
-0.3249475657939911 0.7321338653564453 -0.36589890718460083 
-0.6524759531021118 0.6637006402015686 -1.0931715965270996 
-0.9800043106079102 0.5952674150466919 -1.8204443454742432 
-1.3075326681137085 0.5268341898918152 -2.5477170944213867 
-1.6350610256195068 0.45840099453926086 -3.2749898433685303 
1.4970570802688599 0.7975638508796692 3.2704646587371826 
1.1624714136123657 0.7943431735038757 2.543191909790039 
0.8278856873512268 0.7911224961280823 1.815919280052185 
0.4932999908924103 0.7879018187522888 1.0886465311050415 
0.15871427953243256 0.7846811413764954 0.36137378215789795 
-0.17587144672870636 0.7814604043960571 -0.36589890718460083 
-0.5104571580886841 0.7782397270202637 -1.0931715965270996 
-0.8450428247451782 0.7750190496444702 -1.8204443454742432 
-1.1796284914016724 0.771798312664032 -2.5477170944213867 
-1.5142141580581665 0.7685775756835938 -3.2749898433685303 
1.623888373374939 0.49017757177352905 3.2704646587371826 
1.2951033115386963 0.5522931814193726 2.543191909790039 
0.9663182497024536 0.6144087910652161 1.815919280052185 
0.6375331878662109 0.6765244007110596 1.0886465311050415 
0.30874815583229065 0.7386400103569031 0.36137378215789795 
-0.020036881789565086 0.8007556200027466 -0.36589890718460083 
-0.3488219082355499 0.8628712296485901 -1.0931715965270996 
-0.6776069402694702 0.9249868392944336 -1.8204443454742432 
-1.006392002105713 0.9871024489402771 -2.5477170944213867 
-1.335176944732666 1.0492180585861206 -3.2749898433685303 
1.6883145570755005 0.16395413875579834 3.2704646587371826 
1.3779652118682861 0.28901898860931396 2.543191909790039 
1.0676158666610718 0.4140838384628296 1.815919280052185 
0.7572665214538574 0.5391486287117004 1.0886465311050415 
0.4469171464443207 0.6642134785652161 0.36137378215789795 
0.13656777143478394 0.7892783284187317 -0.36589890718460083 
-0.1737816035747528 0.9143431782722473 -1.0931715965270996 
-0.48413094878196716 1.0394080877304077 -1.8204443454742432 
-0.7944803237915039 1.1644729375839233 -2.5477170944213867 
-1.1048296689987183 1.289537787437439 -3.2749898433685303 
1.6878598928451538 -0.16857010126113892 3.2704646587371826 
1.4078727960586548 0.014637816697359085 2.543191909790039 
1.1278856992721558 0.19784574210643768 1.815919280052185 
0.8478986024856567 0.3810536861419678 1.0886465311050415 
0.5679114460945129 0.5642616152763367 0.36137378215789795 
0.28792428970336914 0.7474695444107056 -0.36589890718460083 
0.007937121205031872 0.9306774735450745 -1.0931715965270996 
-0.27205002307891846 1.1138854026794434 -1.8204443454742432 
-0.5520371794700623 1.2970932722091675 -2.5477170944213867 
-0.832024335861206 1.4803012609481812 -3.2749898433685303 
1.622541904449463 -0.49461629986763 3.2704646587371826 
1.3836767673492432 -0.26030588150024414 2.543191909790039 
1.1448115110397339 -0.025995450094342232 1.815919280052185 
0.9059462547302246 0.20831497013568878 1.0886465311050415 
0.6670810580253601 0.44262540340423584 0.36137378215789795 
0.4282158613204956 0.6769358515739441 -0.36589890718460083 
0.1893506795167923 0.9112462401390076 -1.0931715965270996 
-0.04951448366045952 1.1455566883087158 -1.8204443454742432 
-0.2883796691894531 1.3798670768737793 -2.5477170944213867 
-0.5272448658943176 1.6141775846481323 -3.2749898433685303 
1.4948703050613403 -0.8016546368598938 3.2704646587371826 
1.3063066005706787 -0.5252461433410645 2.543191909790039 
1.1177427768707275 -0.24883759021759033 1.815919280052185 
0.9291790127754211 0.027570899575948715 1.0886465311050415 
0.7406152486801147 0.30397942662239075 0.36137378215789795 
0.5520514845848083 0.5803878903388977 -0.36589890718460083 
0.36348775029182434 0.856796383857727 -1.0931715965270996 
0.17492400109767914 1.1332048177719116 -1.8204443454742432 
-0.013639753684401512 1.4096133708953857 -2.5477170944213867 
-0.20220349729061127 1.6860219240188599 -3.2749898433685303 
0.42429083585739136 1.7983157634735107 -3.6374950408935547 
0.7669722437858582 1.6809866428375244 -3.6374950408935547 
1.080179214477539 1.4990580081939697 -3.6374950408935547 
1.35187566280365 1.2595216035842896 -3.6374950408935547 
1.571620225906372 0.9715824127197266 -3.6374950408935547 
1.7309682369232178 0.6463059186935425 -3.6374950408935547 
1.823796272277832 0.29619207978248596 -3.6374950408935547 
1.8465367555618286 -0.06530417501926422 -3.6374950408935547 
1.7983157634735107 -0.42429083585739136 -3.6374950408935547 
1.6809866428375244 -0.7669722437858582 -3.6374950408935547 
1.4990580081939697 -1.080179214477539 -3.6374950408935547 
1.2595216035842896 -1.3518755435943604 -3.6374950408935547 
0.9715824127197266 -1.571620225906372 -3.6374950408935547 
0.6463059186935425 -1.7309682369232178 -3.6374950408935547 
0.29619207978248596 -1.823796272277832 -3.6374950408935547 
-0.06530417501926422 -1.8465367555618286 -3.6374950408935547 
-0.42429083585739136 -1.7983157634735107 -3.6374950408935547 
-0.7669722437858582 -1.6809866428375244 -3.6374950408935547 
-1.080179214477539 -1.4990580081939697 -3.6374950408935547 
-1.35187566280365 -1.2595216035842896 -3.6374950408935547 
-1.571620225906372 -0.9715824127197266 -3.6374950408935547 
-1.7309682369232178 -0.6463059186935425 -3.6374950408935547 
-1.823796272277832 -0.29619207978248596 -3.6374950408935547 
-1.8465367555618286 0.06530417501926422 -3.6374950408935547 
-1.7983157634735107 0.42429083585739136 -3.6374950408935547 
-1.6809866428375244 0.7669722437858582 -3.6374950408935547 
-1.4990580081939697 1.080179214477539 -3.6374950408935547 
-1.2595216035842896 1.35187566280365 -3.6374950408935547 
-0.9715824127197266 1.571620225906372 -3.6374950408935547 
-0.6463059186935425 1.7309682369232178 -3.6374950408935547 
-0.29619207978248596 1.823796272277832 -3.6374950408935547 
0.06530417501926422 1.8465367555618286 -3.6374950408935547 
800
0 2 
3 1 
73 1 
384 2 
2 4 
5 3 
385 4 
4 6 
7 5 
386 6 
6 8 
9 7 
387 8 
8 10 
11 9 
388 10 
10 12 
13 11 
389 12 
12 14 
15 13 
390 14 
14 16 
17 15 
391 16 
16 18 
19 17 
392 18 
18 20 
21 19 
393 20 
20 22 
23 21 
394 22 
22 24 
25 23 
395 24 
24 26 
27 25 
396 26 
26 28 
29 27 
397 28 
28 30 
31 29 
398 30 
30 32 
33 31 
399 32 
32 34 
35 33 
400 34 
34 36 
37 35 
401 36 
36 38 
39 37 
402 38 
38 40 
41 39 
403 40 
40 42 
43 41 
404 42 
42 44 
45 43 
405 44 
44 46 
47 45 
406 46 
46 48 
49 47 
407 48 
48 50 
51 49 
408 50 
50 52 
53 51 
409 52 
52 54 
55 53 
410 54 
54 56 
57 55 
411 56 
56 58 
59 57 
412 58 
58 60 
61 59 
413 60 
60 62 
63 61 
414 62 
62 0 
1 63 
415 64 
64 65 
65 66 
66 67 
67 68 
68 69 
69 70 
70 71 
71 72 
72 73 
3 74 
74 75 
75 76 
76 77 
77 78 
78 79 
79 80 
80 81 
81 82 
82 83 
5 84 
84 85 
85 86 
86 87 
87 88 
88 89 
89 90 
90 91 
91 92 
92 93 
7 94 
94 95 
95 96 
96 97 
97 98 
98 99 
99 100 
100 101 
101 102 
102 103 
9 104 
104 105 
105 106 
106 107 
107 108 
108 109 
109 110 
110 111 
111 112 
112 113 
11 114 
114 115 
115 116 
116 117 
117 118 
118 119 
119 120 
120 121 
121 122 
122 123 
13 124 
124 125 
125 126 
126 127 
127 128 
128 129 
129 130 
130 131 
131 132 
132 133 
15 134 
134 135 
135 136 
136 137 
137 138 
138 139 
139 140 
140 141 
141 142 
142 143 
17 144 
144 145 
145 146 
146 147 
147 148 
148 149 
149 150 
150 151 
151 152 
152 153 
19 154 
154 155 
155 156 
156 157 
157 158 
158 159 
159 160 
160 161 
161 162 
162 163 
21 164 
164 165 
165 166 
166 167 
167 168 
168 169 
169 170 
170 171 
171 172 
172 173 
23 174 
174 175 
175 176 
176 177 
177 178 
178 179 
179 180 
180 181 
181 182 
182 183 
25 184 
184 185 
185 186 
186 187 
187 188 
188 189 
189 190 
190 191 
191 192 
192 193 
27 194 
194 195 
195 196 
196 197 
197 198 
198 199 
199 200 
200 201 
201 202 
202 203 
29 204 
204 205 
205 206 
206 207 
207 208 
208 209 
209 210 
210 211 
211 212 
212 213 
31 214 
214 215 
215 216 
216 217 
217 218 
218 219 
219 220 
220 221 
221 222 
222 223 
33 224 
224 225 
225 226 
226 227 
227 228 
228 229 
229 230 
230 231 
231 232 
232 233 
35 234 
234 235 
235 236 
236 237 
237 238 
238 239 
239 240 
240 241 
241 242 
242 243 
37 244 
244 245 
245 246 
246 247 
247 248 
248 249 
249 250 
250 251 
251 252 
252 253 
39 254 
254 255 
255 256 
256 257 
257 258 
258 259 
259 260 
260 261 
261 262 
262 263 
41 264 
264 265 
265 266 
266 267 
267 268 
268 269 
269 270 
270 271 
271 272 
272 273 
43 274 
274 275 
275 276 
276 277 
277 278 
278 279 
279 280 
280 281 
281 282 
282 283 
45 284 
284 285 
285 286 
286 287 
287 288 
288 289 
289 290 
290 291 
291 292 
292 293 
47 294 
294 295 
295 296 
296 297 
297 298 
298 299 
299 300 
300 301 
301 302 
302 303 
49 304 
304 305 
305 306 
306 307 
307 308 
308 309 
309 310 
310 311 
311 312 
312 313 
51 314 
314 315 
315 316 
316 317 
317 318 
318 319 
319 320 
320 321 
321 322 
322 323 
53 324 
324 325 
325 326 
326 327 
327 328 
328 329 
329 330 
330 331 
331 332 
332 333 
55 334 
334 335 
335 336 
336 337 
337 338 
338 339 
339 340 
340 341 
341 342 
342 343 
57 344 
344 345 
345 346 
346 347 
347 348 
348 349 
349 350 
350 351 
351 352 
352 353 
59 354 
354 355 
355 356 
356 357 
357 358 
358 359 
359 360 
360 361 
361 362 
362 363 
61 364 
364 365 
365 366 
366 367 
367 368 
368 369 
369 370 
370 371 
371 372 
372 373 
63 374 
374 375 
375 376 
376 377 
377 378 
378 379 
379 380 
380 381 
381 382 
382 383 
383 64 
382 65 
381 66 
380 67 
379 68 
378 69 
377 70 
376 71 
375 72 
374 73 
373 383 
372 382 
371 381 
370 380 
369 379 
368 378 
367 377 
366 376 
365 375 
364 374 
363 373 
362 372 
361 371 
360 370 
359 369 
358 368 
357 367 
356 366 
355 365 
354 364 
353 363 
352 362 
351 361 
350 360 
349 359 
348 358 
347 357 
346 356 
345 355 
344 354 
343 353 
342 352 
341 351 
340 350 
339 349 
338 348 
337 347 
336 346 
335 345 
334 344 
333 343 
332 342 
331 341 
330 340 
329 339 
328 338 
327 337 
326 336 
325 335 
324 334 
323 333 
322 332 
321 331 
320 330 
319 329 
318 328 
317 327 
316 326 
315 325 
314 324 
313 323 
312 322 
311 321 
310 320 
309 319 
308 318 
307 317 
306 316 
305 315 
304 314 
303 313 
302 312 
301 311 
300 310 
299 309 
298 308 
297 307 
296 306 
295 305 
294 304 
293 303 
292 302 
291 301 
290 300 
289 299 
288 298 
287 297 
286 296 
285 295 
284 294 
283 293 
282 292 
281 291 
280 290 
279 289 
278 288 
277 287 
276 286 
275 285 
274 284 
273 283 
272 282 
271 281 
270 280 
269 279 
268 278 
267 277 
266 276 
265 275 
264 274 
263 273 
262 272 
261 271 
260 270 
259 269 
258 268 
257 267 
256 266 
255 265 
254 264 
253 263 
252 262 
251 261 
250 260 
249 259 
248 258 
247 257 
246 256 
245 255 
244 254 
243 253 
242 252 
241 251 
240 250 
239 249 
238 248 
237 247 
236 246 
235 245 
234 244 
233 243 
232 242 
231 241 
230 240 
229 239 
228 238 
227 237 
226 236 
225 235 
224 234 
223 233 
222 232 
221 231 
220 230 
219 229 
218 228 
217 227 
216 226 
215 225 
214 224 
213 223 
212 222 
211 221 
210 220 
209 219 
208 218 
207 217 
206 216 
205 215 
204 214 
203 213 
202 212 
201 211 
200 210 
199 209 
198 208 
197 207 
196 206 
195 205 
194 204 
193 203 
192 202 
191 201 
190 200 
189 199 
188 198 
187 197 
186 196 
185 195 
184 194 
183 193 
182 192 
181 191 
180 190 
179 189 
178 188 
177 187 
176 186 
175 185 
174 184 
173 183 
172 182 
171 181 
170 180 
169 179 
168 178 
167 177 
166 176 
165 175 
164 174 
163 173 
162 172 
161 171 
160 170 
159 169 
158 168 
157 167 
156 166 
155 165 
154 164 
153 163 
152 162 
151 161 
150 160 
149 159 
148 158 
147 157 
146 156 
145 155 
144 154 
143 153 
142 152 
141 151 
140 150 
139 149 
138 148 
137 147 
136 146 
135 145 
134 144 
133 143 
132 142 
131 141 
130 140 
129 139 
128 138 
127 137 
126 136 
125 135 
124 134 
123 133 
122 132 
121 131 
120 130 
119 129 
118 128 
117 127 
116 126 
115 125 
114 124 
113 123 
112 122 
111 121 
110 120 
109 119 
108 118 
107 117 
106 116 
105 115 
104 114 
103 113 
102 112 
101 111 
100 110 
99 109 
98 108 
97 107 
96 106 
95 105 
94 104 
93 103 
92 102 
91 101 
90 100 
89 99 
88 98 
87 97 
86 96 
85 95 
84 94 
83 93 
82 92 
81 91 
80 90 
79 89 
78 88 
77 87 
76 86 
75 85 
74 84 
64 83 
65 82 
66 81 
67 80 
68 79 
69 78 
70 77 
71 76 
72 75 
73 74 
83 384 
93 385 
103 386 
113 387 
123 388 
133 389 
143 390 
153 391 
163 392 
173 393 
183 394 
193 395 
203 396 
213 397 
223 398 
233 399 
243 400 
253 401 
263 402 
273 403 
283 404 
293 405 
303 406 
313 407 
323 408 
333 409 
343 410 
353 411 
363 412 
373 413 
383 414 
0 415 
415 384 
384 385 
385 386 
386 387 
387 388 
388 389 
389 390 
390 391 
391 392 
392 393 
393 394 
394 395 
395 396 
396 397 
397 398 
398 399 
399 400 
400 401 
401 402 
402 403 
403 404 
404 405 
405 406 
406 407 
407 408 
408 409 
409 410 
410 411 
411 412 
412 413 
413 414 
414 415 